10
1000
1001
1002
1003
1004
1005
1006
1007
1008
1009
1010
1012
1013
1014
1016
1017
1018
1019
1020
1021
1022
1023
1024
1025
1026
1027
1028
1029
1030
1031
1032
1034
1035
1037
1040
1041
1042
1043
1046
1049
1050
1051
1054
1055
1056
1057
1058
1059
106
1060
1061
1063
1064
1066
1067
1068
1069
1071
1072
1073
1074
1075
1076
1077
1078
108
1082
1083
1084
1085
1086
1087
1088
1089
1092
1093
1094
1096
1097
1098
1099
110
1101
1102
1103
1105
1106
1107
1108
1109
1110
1112
1113
1114
1115
1116
1117
1118
1119
112
1120
1121
1122
1123
1125
1126
1129
113
1130
1131
1132
1133
1135
1136
1137
1138
114
1142
1143
1144
1145
1146
1147
1148
115
1151
1152
1153
1154
1155
1157
1158
1159
1160
1161
1163
1164
1166
1167
1169
1171
1172
1173
1175
1177
1178
1179
118
1181
1182
1183
1185
1187
1190
1191
1192
1193
1194
1195
1196
1197
1198
1199
120
1200
1201
1204
1206
1217
1219
1225
1226
1227
1228
1229
1232
1234
1235
1236
1237
1238
1239
124
1240
1241
1242
1244
1245
1246
1247
1248
1249
1250
1251
1252
1254
1255
1256
1257
1261
1262
1263
1264
1265
1266
1267
1268
1269
127
1270
1271
1273
1276
1277
1278
1279
1280
1281
1285
1286
1287
1288
1289
1290
1291
1292
1293
1294
1295
1297
1298
1300
1301
1303
1306
1307
131
1310
1311
1312
1314
1315
1316
1317
1318
1319
132
1320
1321
1322
1323
1324
1325
1327
1328
1329
1330
1331
1332
1333
1334
1335
1336
1337
1338
1339
1340
1341
1342
1343
1344
1345
1346
1347
1348
1349
1350
1351
1352
1353
1354
1355
1356
1357
1359
1360
1361
1363
1364
1365
1366
1367
137
1370
1371
1373
1374
1375
1376
1377
1378
1379
1380
1381
1382
1383
1384
1385
1388
1389
1391
1393
1394
1395
1396
1397
1400
1402
1403
1405
1407
1411
1412
1413
1414
1415
1416
1417
1418
1419
142
1420
1422
1423
1424
1425
1426
1427
1429
1430
1431
1432
1433
1435
1436
1437
1438
1439
144
1440
1441
1442
1443
1444
1448
1449
1450
1451
1453
1454
1455
1457
1458
1459
1460
1461
1462
1463
1464
1465
1466
1467
1468
1469
1470
1471
1472
1473
1474
1475
1476
1477
149
1491
1493
1494
1498
150
1500
1501
1504
1505
1506
1507
1508
1524
1525
1526
1527
1528
1529
1531
1532
1533
1534
1535
1536
1540
1541
1542
1543
1544
1545
1546
1547
1548
1549
155
1550
1552
1555
1556
1557
1558
1560
1562
1563
1564
1565
1566
1567
1568
1569
1570
1571
1572
1573
1574
1575
1576
1577
1578
1579
1580
1581
1582
1583
1584
1585
1586
1587
1588
1590
1591
1592
1593
1594
1596
1597
1598
1599
1600
1601
1602
1603
1604
1605
1606
1607
1608
1610
1611
1612
1613
1614
1615
1616
1617
1618
1619
1620
1621
1622
1624
1625
1626
1627
1628
1629
1631
1632
1633
1634
1635
1637
1638
1639
1641
1642
1646
1648
1649
165
1675
168
169
1697
170
172
173
1731
1732
1733
1738
1739
1740
1741
1742
1743
1745
1746
1747
1748
1749
175
1750
1751
1752
1753
1754
1756
1757
1758
1759
176
1766
1767
1768
1769
177
1770
1774
1775
1776
1778
1779
1780
1781
1785
179
18
1805
1807
1808
181
1810
1811
1815
1816
1817
1819
182
1820
1821
1822
1823
1824
1825
1827
1828
183
1833
1835
1836
1837
1838
1839
1840
1841
1842
1843
1844
1845
1846
1847
1848
1849
185
1850
1852
1853
1854
1855
1857
1858
1859
1860
1861
1862
1863
1864
1865
1866
1867
1868
1869
1870
1871
1873
1875
1876
1880
1881
1882
1883
1884
1885
1886
1887
189
1891
1892
1893
1897
190
1901
1908
191
1911
1912
1913
1918
1922
1923
1924
1925
1928
1929
193
1930
1931
1932
1933
1934
1935
1936
1937
1938
1939
194
1940
1942
1943
1944
1945
1946
1947
1948
195
1951
1952
1953
1954
1955
1956
1957
1958
1959
196
1960
1961
1962
1963
1964
1965
1966
1967
1968
1969
197
1971
1972
1973
1974
1975
1976
1977
1978
1979
198
1980
1981
1982
1983
1984
1985
1987
1988
1989
199
1990
1992
1993
1994
1999
20
200
2000
2001
2002
2003
2004
2005
2006
2010
2016
2017
2018
2019
2020
2021
2023
2024
2025
203
2031
2032
2037
204
2040
2042
2043
2044
2046
2048
2049
2050
2051
2055
2056
2057
2058
2059
206
2060
2061
2062
2063
2064
2065
2066
2067
2068
2069
2072
2075
2076
2077
2079
208
2084
209
2090
2095
2096
2097
2098
210
2101
2109
2112
2113
2114
2115
2116
2117
2118
212
2123
2124
2125
2128
2129
213
2131
2135
2136
2137
2138
2139
214
2140
2141
2142
2143
2145
2146
2147
2148
2149
2150
2151
2156
2157
2159
2161
2162
2164
2165
2166
2168
2170
2171
2172
2173
2174
2188
219
2190
2191
22
220
2200
2202
2203
2208
221
2212
2222
2223
2224
2225
2227
2229
223
2230
2231
2232
2233
2234
2235
2241
2247
2248
2249
225
2250
2251
2252
2253
2254
2255
2256
2257
2258
2259
2260
2262
2263
2264
2265
2266
2267
2268
2269
227
2270
2271
2272
2273
2274
228
2281
2282
2283
2285
2286
2287
2288
2289
229
2290
2291
2292
2293
2294
2295
2296
2297
2298
23
230
2300
2301
2303
2305
2306
2307
2308
2309
231
2310
2312
2313
232
2323
2327
2328
233
2331
2335
2339
2340
2341
2342
2343
2344
2345
2346
2347
2348
2350
2351
2355
236
2360
2361
2363
2368
237
2370
2371
2372
2373
2374
2375
2376
2378
2379
238
2380
2384
2385
2386
2387
2388
2389
2391
2392
2393
2394
2395
2396
2397
24
240
2401
2402
2406
2407
2408
2409
241
2411
2412
2413
2414
2415
2416
2417
2418
2419
242
2423
2424
2425
2429
243
2431
2432
2439
244
2442
2445
2446
2449
2457
2458
2459
246
2460
2461
2462
2463
2465
2466
2467
2468
2469
2470
2471
2472
2473
2474
2475
2476
2477
248
2481
2482
2483
2484
2485
2486
2487
2488
2489
249
2490
2491
2493
2494
2495
2496
2499
250
2503
2504
2505
2506
2507
2508
2509
251
2510
2511
2512
2513
2514
2515
2516
2517
2518
2519
2520
2521
2522
2523
2527
2528
2529
2531
2533
254
2541
2542
2543
2544
255
2552
2554
2555
2558
2559
256
2563
2564
2569
2571
2572
2573
2574
2576
2577
2578
2579
258
2580
2581
2587
2588
2589
259
2590
2591
2592
2593
2594
2595
2596
2597
2598
260
2600
2601
2602
2603
2604
2605
2607
2609
261
2610
2614
2615
2617
2618
2619
2620
2621
2622
2623
2624
2625
2626
2627
2628
2629
263
2631
2632
2633
2634
264
2640
2644
2646
2647
2648
2649
2650
2651
2654
2655
2656
2658
266
2661
2662
2663
2664
2665
2666
2667
267
2670
2671
2673
2674
2675
2676
2677
2678
2679
268
2680
2681
2682
2683
2684
2685
2686
2687
2688
269
2698
2699
270
2709
271
2712
2714
2716
2719
272
2720
2721
2722
2724
2726
273
2732
2733
2734
2735
2736
2738
2739
274
2740
2741
2742
2743
2744
2745
2746
2747
275
2757
2758
2764
2767
2768
2769
277
2773
2776
2777
2779
278
2780
2782
2783
2784
279
2790
2791
280
2804
281
2813
2814
2815
2817
2818
2819
282
2820
2821
2822
2823
2824
2825
2827
2828
2829
283
2832
2839
2842
285
2852
286
2868
2869
287
2870
2871
2877
2878
2879
2880
2881
2882
2883
2884
2890
2892
2896
2897
2898
2899
290
2906
2907
2908
2909
2910
2913
2914
2917
2918
2919
292
2920
2924
2929
2930
2931
2932
2934
2935
2938
2939
294
2940
2941
2942
2943
2944
2945
2946
2947
2948
2949
295
2950
2951
2952
2954
296
2960
2963
2964
2968
2969
297
2973
2974
298
2982
2987
2988
299
2990
2994
2995
2996
2997
2998
2999
3002
3005
3006
301
3010
3011
3012
3013
3014
3015
3016
3018
3019
3020
3021
3022
3023
3024
3029
303
3030
3031
3032
3033
3034
3036
304
3040
3041
3042
3046
3047
3048
305
3061
3063
3068
3069
307
3070
3071
3072
3074
3075
3076
3077
308
3081
3082
3084
3085
3088
3089
3090
3091
3092
3095
3096
3097
3098
310
3100
3101
3102
3103
3104
3105
311
3110
3111
3112
3113
3114
3116
3117
312
3122
3123
3129
313
3130
3131
3132
3133
3134
3136
314
3141
3142
3143
3144
3145
315
3150
3151
3157
3158
316
3162
3164
3165
3167
3168
3170
3171
3173
3174
3179
318
3180
3181
3182
3183
3184
3185
3186
3187
3189
3191
3195
3196
320
3200
3201
3203
3204
3205
3206
3207
321
3210
3211
3212
3213
3214
3215
3220
3221
3223
3225
3229
3243
3244
3245
3246
325
3250
3252
3253
3254
3255
3256
3258
3259
326
3260
3261
3265
3266
3267
3268
3269
327
3270
3271
3272
3274
3275
3278
3280
3282
3283
3286
3288
3289
329
3297
3300
3302
3309
331
3310
3311
3312
3313
3314
3315
3318
3319
3320
3321
3322
3323
3326
3327
3328
3329
333
3330
3331
3332
3335
3337
3338
3339
334
3341
3342
3345
3346
3348
3349
335
3351
3352
3353
3354
3355
3358
3360
3361
3362
3363
3364
3365
3366
3367
3368
3369
3370
3371
3372
3373
3376
3378
338
3380
3382
3383
3384
3386
3387
3388
3389
339
3390
3391
3394
340
3402
3404
3409
3412
3414
3415
3416
3417
3418
3419
342
3420
3421
3422
3423
3424
3425
3426
3427
3428
3431
3432
3434
3440
3441
3444
3447
3449
345
3450
3451
3452
3453
3454
3457
346
3463
3464
3465
3466
3470
3471
3472
3474
3476
348
3485
3488
349
3491
3497
3498
350
3500
3501
3502
3503
3504
3505
3507
3508
351
3510
3511
3512
3513
3515
3516
3517
3518
3519
3520
3521
3522
3523
3525
3526
3527
3535
3536
3542
3543
3544
3546
3547
3548
3549
3550
3551
3554
3555
3556
3558
356
3560
3561
3562
3563
3565
3566
3568
3569
357
3570
3571
3572
3574
3576
3577
3578
3579
358
3580
3585
359
3592
3593
3597
360
3602
3605
3609
3612
3618
362
3620
3624
3628
363
3633
3636
3637
3639
364
3640
3645
3648
365
3651
3652
3653
3654
3655
3658
3659
366
3660
3661
3663
3664
3666
3667
3668
3669
3676
3679
368
3680
3683
3684
3686
3689
3690
3693
3695
3697
370
3701
3705
3706
371
3710
3711
3712
3720
3725
373
3734
3735
3739
374
3740
3744
375
3751
3752
3753
3754
3755
3756
3757
3758
3760
3761
3764
3765
3766
3767
3768
3769
377
3770
3771
3772
3773
3774
3775
3776
378
3780
3782
3783
3784
3785
3786
3787
379
3790
3791
3792
3793
3794
3795
3796
3797
3798
3799
38
380
3800
3802
3803
3804
3806
3807
3809
381
3812
3813
3814
3815
3818
3822
3823
383
3838
3839
384
3842
3843
3852
3854
3855
3856
3857
3858
3859
386
3860
3861
3862
3863
3864
3865
3866
3867
3868
3869
3871
3874
3875
3878
388
3880
3881
3883
3884
3885
3887
3890
3893
390
3902
3906
391
392
3920
3921
3922
3923
3925
3926
394
395
3951
396
397
3974
398
3986
3987
3988
399
3995
3996
3998
400
4000
4001
4002
4003
4004
4005
4006
4007
4008
4009
4010
4011
4012
4013
4014
4015
4016
4017
4018
402
4021
4022
4023
4024
4025
4026
4027
4028
4029
403
4030
4031
4032
4034
4035
4039
4044
4048
4049
405
4050
4052
4053
4054
4055
4057
4058
4059
406
4060
4061
4062
4063
4064
4065
4066
407
4073
408
4080
4081
4082
4083
4084
4085
4086
4087
4088
4089
409
4090
4091
4092
4093
4094
4095
4096
4097
4098
410
4101
4102
4103
411
4110
4111
4112
4113
4114
4115
4116
4117
4118
4121
413
4134
4135
4136
4137
4138
414
4140
4141
4142
4143
4144
4145
4146
4147
4148
4149
415
4150
4151
4152
4155
4156
4157
4158
4162
4163
4164
4165
4166
4167
4168
4169
417
4170
4172
4173
4174
4176
4177
4178
4179
418
4180
4181
4182
4183
4184
4186
4187
4188
4189
419
4190
4191
4192
4193
4195
4196
4197
4198
4199
42
420
4200
4201
4202
4203
4204
4205
4206
4207
4208
4209
421
4210
4211
4212
4213
4214
4215
4216
4217
4218
4219
422
4220
4221
4222
4223
4224
4225
4226
4227
4229
423
4230
4231
4232
4233
4234
4235
4236
4237
4239
424
4240
4241
4242
4243
4244
4245
4246
4247
4248
425
4250
4251
4252
4254
4255
4258
4259
4260
4263
4264
4265
4266
4270
4271
4272
4274
4275
4276
4277
4278
4279
4280
4281
4282
4283
4284
4285
4286
4287
4288
4289
4291
4292
4293
4294
4295
4296
4297
4298
4299
430
4301
4303
4304
4305
4306
4309
4310
4311
4312
4313
4314
4315
4316
4317
4319
432
4320
4321
4322
4323
4326
4327
4328
4329
4330
4332
4334
4335
4336
4337
4338
4339
434
4341
4345
4352
4354
4359
4360
4361
4362
4363
4364
4365
437
4370
4371
4372
4373
4374
4375
4378
4379
438
4380
4381
4382
4383
4384
4385
4386
4388
4389
439
4390
4391
4392
4393
4394
4395
4397
440
4400
4401
4402
4403
4404
4405
4406
4408
4409
441
4411
4412
4413
4414
4415
4416
4418
4419
442
4420
4421
4422
4425
4426
4427
4428
4429
443
4430
4431
4433
4434
4435
4448
445
4450
4454
4458
4460
4463
4467
4468
4470
4471
4472
4473
4474
4475
4476
4477
4478
4479
448
4480
4481
4483
4484
4485
4486
4487
4488
4489
449
4490
4491
4495
4498
4499
450
4506
451
4515
4516
4517
4518
4519
452
4520
4521
4522
4523
4524
4525
4526
4527
4528
4529
4530
4531
4532
4533
4534
4535
454
4545
4546
4557
4558
4560
4561
4566
4567
457
4570
4572
4573
4574
4575
4576
4578
458
4583
4584
4586
4587
4588
4589
4590
4591
4593
4594
4596
4597
4598
4599
46
4600
4601
4602
4603
4604
4605
4606
4607
4608
4609
4610
4611
4618
462
4623
4629
463
4634
4635
464
4645
4648
4649
465
4650
4653
4654
4655
4657
4658
4659
466
4662
4663
4666
4668
4671
4674
4675
4676
4678
4679
468
4680
4681
4682
4685
4686
4687
4688
4690
4691
4693
4694
4695
4697
4698
47
470
4701
4702
4705
4706
4707
471
4710
4712
4713
4714
4715
4716
4717
4718
472
4721
4723
4724
4725
4726
4727
4728
4729
473
4730
4731
4732
4736
4737
4738
4739
474
4740
4741
4742
4743
4745
4746
4747
475
4750
4754
4756
4757
476
4762
4763
4766
477
4774
4775
4777
4779
4780
4781
4782
4785
4786
4787
4788
479
4790
4791
4793
4794
4795
4796
4797
4798
4799
4800
4801
4804
4805
4806
4807
4808
4809
481
4810
4811
4812
4813
4816
4817
4818
4819
4820
4821
4823
4824
4826
4827
4828
4829
4830
4831
4834
4835
4836
4839
484
4842
485
4852
4857
4858
486
4864
4870
4872
4877
4878
4879
488
4882
4883
4884
4885
4886
4888
4889
4890
4892
4893
4894
4895
4896
4897
4898
490
4901
4902
4903
4904
4906
4909
4911
4912
4914
4915
4929
493
4930
4931
4932
4933
4936
4937
494
4940
4942
4944
4945
4946
4947
4948
4949
495
4950
4951
4952
4953
4954
4956
4957
4958
4959
4960
4961
4962
4964
4965
4966
4967
4968
4969
497
4970
4971
4972
4973
4974
4976
4977
4978
4979
498
4984
4986
4987
4988
4989
4990
4991
4992
4993
4995
4996
4997
4998
4999
50
500
5000
5001
5002
5003
5004
5005
5008
5009
5010
5011
5012
5013
5015
5017
5018
5023
5025
5028
503
5034
5035
5036
5037
5038
504
5041
5043
5046
5047
5048
5049
505
5050
5051
5052
5054
5055
5056
5057
5058
5059
5061
5062
5064
5065
5066
5068
5069
507
5070
5071
5072
5073
5074
5076
5077
5078
5079
508
5080
5081
5082
5083
5084
5085
5088
5089
5090
5091
5092
5093
5094
5095
5096
5097
5100
5101
5102
5103
5108
5109
5111
5112
5113
5115
5117
5118
5120
5124
5125
5126
513
5134
5135
5138
514
5144
5147
5148
5149
5150
5151
5152
5156
5157
5158
5159
516
5160
5161
5163
5164
5165
517
5171
5172
5173
5175
5176
5179
518
5180
5181
5187
5188
519
5195
5196
5197
5198
5208
5209
521
5210
5211
5215
5219
5220
523
5231
5233
5234
5236
5238
5239
5241
5242
5243
5244
5245
5246
5247
5249
525
5250
5251
5252
5253
5254
5255
5256
5259
526
5260
5261
5262
5264
5265
5266
5267
5268
5269
5270
5271
5272
5273
5274
5275
5276
5277
5280
5281
5282
5283
5284
5286
5287
5288
5289
529
5290
5291
5293
5294
5297
5299
5301
5302
5303
5306
5313
5314
5315
5316
5317
5318
532
5320
5323
5326
5327
5329
533
5334
5339
534
5348
5349
535
5357
5358
5359
5360
537
5374
5375
5378
5379
538
5380
5381
5382
5383
5384
5385
5386
5388
5389
539
5390
5391
5392
5393
5394
5395
5396
5397
5398
5399
540
5401
5402
5403
5404
5405
5406
5407
5408
5409
541
5410
5411
5412
5413
5414
5418
5419
542
5423
5426
5427
5430
5437
5438
5439
544
5442
5443
5448
5454
5457
546
5461
5462
5463
5464
5465
5466
5469
547
5470
5471
5472
5473
5474
5475
5476
5477
5478
5479
5480
5481
5482
5483
5484
5485
5486
5487
5488
5489
549
5490
5491
5492
5493
5494
5495
5496
5497
5498
550
5500
5501
5504
5505
5508
551
5517
552
5521
5522
5528
553
5530
5531
5532
5533
5534
5535
5536
5537
5538
5539
5540
5541
5542
5543
5544
5545
5548
5549
555
5551
5552
5553
5554
5555
5556
5557
5558
556
5561
5562
5563
5564
5565
5566
5567
5568
557
5570
5571
5572
5573
5574
5575
5576
5577
5578
5579
558
5580
5581
5582
5583
5584
5585
5586
5587
5588
5589
559
5590
5591
5592
5594
5595
5596
5597
5598
5599
560
5600
5601
5602
5603
5604
5605
5606
5607
5608
5609
561
5610
5611
5612
5613
5614
5615
5616
5617
5618
5619
5620
5621
5622
5623
5624
5625
5626
5627
5628
5629
563
5630
5631
5633
5634
5635
5636
5637
5638
5639
564
5640
5641
5643
5644
5645
5646
5647
5648
5649
565
5650
5651
5653
5654
5655
5656
5657
5658
5659
566
5660
5661
5662
5663
5664
5665
5666
5667
5668
5669
567
5671
5672
5673
5674
5675
5676
5677
5678
5679
568
5680
5681
5682
5683
5684
5685
5686
5688
569
5693
5694
5695
5696
5697
5698
570
5700
5701
5703
5704
5705
5706
5707
5708
5709
571
5710
5711
5712
5715
5716
5717
5718
5719
572
5722
5723
5724
5725
5726
5727
5728
5729
573
5730
5731
5732
5733
5734
5735
5736
5737
5738
5739
574
5740
5741
5742
5743
5744
5745
5746
5747
5749
575
5751
5752
5753
5755
5756
5758
576
5762
5764
5767
5768
5769
577
5775
5778
578
5780
5782
5783
579
580
5807
5808
5817
5818
5819
582
5820
5821
5822
5823
5824
5825
5826
5827
5828
5829
583
5830
5831
5832
5833
5834
5835
5836
5837
5838
5839
584
5840
5841
5842
5845
5846
5847
5848
5849
585
5850
5851
5852
5853
5854
5855
5856
5857
5858
5859
586
5860
5861
5862
5863
5864
5865
5866
5867
5869
587
5870
5871
5872
5873
5874
5875
5876
5878
5879
588
5880
5881
5882
5883
5884
5885
5886
5887
5888
5889
5890
5891
5892
5893
5894
5895
5896
5897
5898
5899
59
590
5900
5902
5903
5904
5905
5906
5907
5908
5911
5913
5914
5915
5916
5917
5918
5919
592
5920
5922
5924
5925
5926
5927
5935
5936
5937
5941
5942
5943
5950
5951
5952
5953
5955
5958
596
5960
5961
5962
5963
5964
597
5972
5975
5976
598
5981
5984
5985
5986
5987
5988
5989
599
5990
5997
5998
5999
600
6000
6001
6004
6005
6006
6007
6008
6009
601
6010
6012
6013
6015
6016
6017
6018
6019
602
6020
6021
6022
6023
6024
6025
6026
6027
6028
6029
603
6031
6032
6033
6034
6035
6036
6037
6038
6039
604
6040
6041
6042
6043
6044
6045
6046
6047
6048
6049
605
6050
6051
6052
6053
6054
6055
6056
6057
606
6060
6061
6062
6064
6066
6067
6068
6069
6070
6072
6073
6074
6075
6076
6077
6079
6080
6081
6082
6083
6084
6085
6086
6087
6088
6089
609
6090
6091
6092
6093
6094
6095
6096
6097
6098
6099
61
610
6100
6101
6102
6103
6104
6105
6106
6107
6109
611
6111
6112
6113
6114
6115
6117
6118
6119
612
6120
6121
6122
6123
6124
6125
6126
6127
6128
6129
6130
6131
6132
6133
6134
6135
6136
6137
6139
614
6140
6141
6142
6143
615
6152
6156
6157
6158
6159
6160
6161
6162
6163
6164
6166
617
6171
6174
6176
6177
6178
6179
618
6180
6181
6182
6183
6185
619
6193
6204
6205
6206
6207
6208
6209
621
6210
6211
6218
6219
622
6220
6221
6225
6227
6228
6229
623
6232
6233
6234
6235
6236
6237
6238
6239
624
6240
6241
6243
6245
6246
6247
6248
6249
625
6250
6251
6253
6254
6255
6256
6257
6258
626
6260
6261
6262
6263
6264
6265
6266
6267
6268
6269
6270
6271
6272
6273
6274
6275
6276
6277
6278
6279
628
6280
6281
6282
6283
6284
6285
6286
6287
6288
6289
629
6290
6291
6292
6293
6295
6296
6297
6298
6299
6300
6301
6302
6303
6304
6305
6306
6307
6308
6309
6310
6311
6313
6314
6315
6316
6317
6318
6319
632
6320
6324
6325
6326
6327
6328
6329
633
6330
6331
6332
6333
6334
6335
6336
6337
6338
6339
634
6340
6341
6342
6343
6344
6345
6346
6347
6348
6349
635
6351
6352
6353
6354
6355
6356
6359
6362
6363
6364
6365
6366
6367
6368
6369
6370
6371
6372
6373
6374
6375
6376
6377
6378
6379
638
6380
6381
6382
6384
6385
6386
6388
6389
639
6390
6391
6392
6393
6394
640
6403
6404
641
6411
6413
6414
6418
6419
642
6420
6421
6422
6423
6424
6425
6427
6428
6429
643
6430
6431
6432
6433
6434
6435
6436
6437
6438
6439
644
6442
6443
6445
6446
6447
6448
6449
6450
6452
6453
6454
6455
6456
6457
6458
6459
6460
6461
6462
6463
6464
6465
6466
6467
6468
6469
647
6470
6471
6472
6473
6474
6475
6476
6477
6478
6479
648
6481
6482
6483
6484
6485
6486
6487
6488
6489
649
6490
6491
6492
6493
6494
6495
6497
6498
650
6501
6502
6503
6504
6505
6506
6507
6508
6509
651
6510
6512
6513
6514
6515
6516
6518
652
6520
6521
6522
6523
6524
6525
6526
6527
6528
653
6530
6531
6532
6533
6534
6535
6536
6537
6538
6539
654
6540
6541
6542
6543
6544
6545
6546
6547
6548
6549
6550
6551
6553
6556
6557
6558
6559
656
6563
6567
6568
6569
657
6570
6571
6572
6573
6574
6578
6579
658
6580
6581
6582
6583
6584
6585
6586
6587
6588
6589
659
6590
6591
6592
6593
6594
6596
6597
6598
6599
660
6600
6601
6602
6603
6604
6605
6606
6607
6608
6609
6610
6612
6613
6614
6615
6616
6617
6618
662
6620
6621
6622
6624
6627
6628
6629
663
6630
6631
6632
6633
6634
6636
6639
6640
6641
6642
6643
6644
6645
6647
6648
6649
665
6650
6651
6654
6655
6656
6657
6658
6659
666
6660
6664
6665
6666
6667
6669
667
6670
6671
6675
6676
668
669
6695
6696
6697
6699
6700
6701
6702
6703
6704
6705
6706
6707
6708
6709
671
6710
6711
6712
6713
6714
6715
6716
6717
6718
6719
672
6720
6721
6722
6723
6724
6725
6727
6729
673
6730
6731
6732
6733
6734
6735
6736
6737
6738
6739
674
6740
6741
6744
6745
6746
6747
6748
6749
675
6750
6751
6752
6753
6755
6756
6759
676
6760
6761
6762
6763
6764
6765
6766
6767
6768
6769
677
6770
6771
6772
6773
6774
6776
6777
6778
6779
6780
6781
6782
6783
6784
6785
6786
6787
6788
6789
679
6790
6791
6793
6794
6795
6798
6799
68
680
6800
6801
6803
6804
6805
6806
6807
6808
6809
6810
6811
6812
6813
6814
6815
6816
6819
682
6820
6821
6822
6823
6824
6826
6827
6828
683
6837
6838
6839
684
6840
6841
6842
6843
6844
6845
6846
6847
6848
6849
685
6850
6851
6852
6853
6854
686
6864
687
6872
6873
6874
6875
688
6886
6887
689
6890
6896
6897
690
6906
6907
6908
6909
691
6910
6911
6912
6913
6914
6915
6916
6917
6918
6919
6920
6921
6923
6924
6925
6926
6927
693
6930
6931
6932
694
6941
6942
6945
6946
6947
695
6953
6954
6956
6957
6958
6959
696
6960
6961
6962
6963
6964
6965
6966
6967
6968
6969
697
6970
6971
698
6980
6983
6984
6985
6986
6987
6988
6989
699
6990
6996
6998
6999
7
700
7007
7008
701
7010
7011
7012
7013
7016
702
7023
7026
7028
7029
7036
704
705
706
7060
7061
7062
7063
7064
7067
7068
7069
707
7070
7071
7072
7073
7074
7078
7079
7082
7083
7086
7088
709
7090
7091
7092
7093
7094
7095
7096
7097
7098
7099
7100
7101
7102
7103
7104
7105
7106
7107
7108
7109
711
7110
7111
7112
7113
7114
7115
712
7120
7123
7125
7129
713
7130
7131
7132
7133
7134
7135
7136
7137
714
7141
7142
7143
7145
7146
7147
7148
7149
715
7150
7151
7152
7153
7154
7155
716
7162
7163
7164
7165
7166
7167
7168
7169
717
7170
7171
7172
7173
7174
7175
7176
7177
7178
7179
718
7180
7181
7182
7183
7184
7185
7186
7187
7188
7189
7190
7191
7192
7193
7194
7195
7196
7197
7198
7199
7200
7201
7202
7203
7204
7205
7206
7207
7208
7209
721
7210
7211
7212
7213
7215
7217
7218
722
7222
7223
7224
7225
7227
7228
7229
723
7230
7231
7232
7233
7234
7235
7236
7237
7238
7239
724
7240
7241
7242
7243
7244
7245
7246
725
7252
7253
7254
7255
7256
7257
7258
7259
726
7260
7261
7262
7263
7265
7266
7267
7268
7269
7270
7271
7272
7273
7274
7275
7276
7277
7278
7279
728
7281
7282
7283
7284
7285
7286
7287
7288
7289
729
7290
7291
7297
73
7302
7303
7304
7305
7307
7308
7309
731
7315
7316
7317
732
7320
7321
7322
7323
7326
7327
733
7334
7335
7336
7338
7339
734
7340
7341
7342
7343
7344
7345
7346
7347
7349
735
7350
7351
7352
7353
7354
7355
7356
7357
7359
7360
737
738
739
74
7406
7407
7408
741
7410
7413
7419
742
7421
7422
7429
743
7430
7431
7432
7433
7434
7435
7441
7442
7446
7447
7448
7449
745
7451
7452
7456
7457
7458
746
747
7471
748
75
751
752
753
755
757
758
759
760
763
765
766
767
768
769
770
771
772
773
774
775
776
777
778
781
783
789
79
791
792
793
794
795
796
797
798
799
8
801
802
803
804
805
806
808
809
81
810
812
814
815
816
819
82
820
821
823
824
826
828
829
83
830
832
834
835
836
837
838
839
840
841
842
844
845
846
847
848
850
851
852
853
855
856
858
861
862
863
864
865
866
867
868
869
870
872
873
874
876
877
878
881
882
884
885
886
887
888
889
89
890
891
892
894
895
897
898
899
90
900
901
903
904
905
906
907
908
909
911
912
913
916
918
919
92
920
922
923
924
926
930
935
936
937
939
940
942
943
944
945
946
947
950
951
952
953
955
956
957
958
962
963
966
969
97
970
971
972
973
974
975
976
977
979
981
982
983
984
985
986
987
989
99
990
992
993
994
995
996
997
998
999
